0 0 
ans[1] = 2
0 1 0 
ans[2] = 2
0 2 2 0 
ans[3] = 2
0 3 4 3 0 
ans[4] = 3
0 4 6 6 4 0 
ans[5] = 2
0 5 8 9 8 5 0 
ans[6] = 2
0 6 10 12 12 10 6 0 
ans[7] = 2
0 7 12 15 16 15 12 7 0 
ans[8] = 3
0 8 14 18 20 20 18 14 8 0 
ans[9] = 4
0 9 16 21 24 25 24 21 16 9 0 
ans[10] = 2
0 10 18 24 28 30 30 28 24 18 10 0 
ans[11] = 2
0 11 20 27 32 35 36 35 32 27 20 11 0 
ans[12] = 3
0 12 22 30 36 40 42 42 40 36 30 22 12 0 
ans[13] = 2
0 13 24 33 40 45 48 49 48 45 40 33 24 13 0 
ans[14] = 2
0 14 26 36 44 50 54 56 56 54 50 44 36 26 14 0 
ans[15] = 2
0 15 28 39 48 55 60 63 64 63 60 55 48 39 28 15 0 
ans[16] = 5
0 16 30 42 52 60 66 70 72 72 70 66 60 52 42 30 16 0 
ans[17] = 2
0 17 32 45 56 65 72 77 80 81 80 77 72 65 56 45 32 17 0 
ans[18] = 4
0 18 34 48 60 70 78 84 88 90 90 88 84 78 70 60 48 34 18 0 
ans[19] = 2
0 19 36 51 64 75 84 91 96 99 100 99 96 91 84 75 64 51 36 19 0 
ans[20] = 3
0 20 38 54 68 80 90 98 104 108 110 110 108 104 98 90 80 68 54 38 20 0 
ans[21] = 2
0 21 40 57 72 85 96 105 112 117 120 121 120 117 112 105 96 85 72 57 40 21 0 
ans[22] = 2
0 22 42 60 76 90 102 112 120 126 130 132 132 130 126 120 112 102 90 76 60 42 22 0 
ans[23] = 2
0 23 44 63 80 95 108 119 128 135 140 143 144 143 140 135 128 119 108 95 80 63 44 23 0 
ans[24] = 3
0 24 46 66 84 100 114 126 136 144 150 154 156 156 154 150 144 136 126 114 100 84 66 46 24 0 
ans[25] = 6
0 25 48 69 88 105 120 133 144 153 160 165 168 169 168 165 160 153 144 133 120 105 88 69 48 25 0 
ans[26] = 2
0 26 50 72 92 110 126 140 152 162 170 176 180 182 182 180 176 170 162 152 140 126 110 92 72 50 26 0 
ans[27] = 4
0 27 52 75 96 115 132 147 160 171 180 187 192 195 196 195 192 187 180 171 160 147 132 115 96 75 52 27 0 
ans[28] = 3
0 28 54 78 100 120 138 154 168 180 190 198 204 208 210 210 208 204 198 190 180 168 154 138 120 100 78 54 28 0 
ans[29] = 2
0 29 56 81 104 125 144 161 176 189 200 209 216 221 224 225 224 221 216 209 200 189 176 161 144 125 104 81 56 29 0 
ans[30] = 2
0 30 58 84 108 130 150 168 184 198 210 220 228 234 238 240 240 238 234 228 220 210 198 184 168 150 130 108 84 58 30 0 
ans[31] = 2
0 31 60 87 112 135 156 175 192 207 220 231 240 247 252 255 256 255 252 247 240 231 220 207 192 175 156 135 112 87 60 31 0 
ans[32] = 5
0 32 62 90 116 140 162 182 200 216 230 242 252 260 266 270 272 272 270 266 260 252 242 230 216 200 182 162 140 116 90 62 32 0 
ans[33] = 2
0 33 64 93 120 145 168 189 208 225 240 253 264 273 280 285 288 289 288 285 280 273 264 253 240 225 208 189 168 145 120 93 64 33 0 
ans[34] = 2
0 34 66 96 124 150 174 196 216 234 250 264 276 286 294 300 304 306 306 304 300 294 286 276 264 250 234 216 196 174 150 124 96 66 34 0 
ans[35] = 2
0 35 68 99 128 155 180 203 224 243 260 275 288 299 308 315 320 323 324 323 320 315 308 299 288 275 260 243 224 203 180 155 128 99 68 35 0 
ans[36] = 7
0 36 70 102 132 160 186 210 232 252 270 286 300 312 322 330 336 340 342 342 340 336 330 322 312 300 286 270 252 232 210 186 160 132 102 70 36 0 
ans[37] = 2
0 37 72 105 136 165 192 217 240 261 280 297 312 325 336 345 352 357 360 361 360 357 352 345 336 325 312 297 280 261 240 217 192 165 136 105 72 37 0 
ans[38] = 2
0 38 74 108 140 170 198 224 248 270 290 308 324 338 350 360 368 374 378 380 380 378 374 368 360 350 338 324 308 290 270 248 224 198 170 140 108 74 38 0 
ans[39] = 2
0 39 76 111 144 175 204 231 256 279 300 319 336 351 364 375 384 391 396 399 400 399 396 391 384 375 364 351 336 319 300 279 256 231 204 175 144 111 76 39 0 
ans[40] = 3
0 40 78 114 148 180 210 238 264 288 310 330 348 364 378 390 400 408 414 418 420 420 418 414 408 400 390 378 364 348 330 310 288 264 238 210 180 148 114 78 40 0 
ans[41] = 2
0 41 80 117 152 185 216 245 272 297 320 341 360 377 392 405 416 425 432 437 440 441 440 437 432 425 416 405 392 377 360 341 320 297 272 245 216 185 152 117 80 41 0 
ans[42] = 2
0 42 82 120 156 190 222 252 280 306 330 352 372 390 406 420 432 442 450 456 460 462 462 460 456 450 442 432 420 406 390 372 352 330 306 280 252 222 190 156 120 82 42 0 
ans[43] = 2
0 43 84 123 160 195 228 259 288 315 340 363 384 403 420 435 448 459 468 475 480 483 484 483 480 475 468 459 448 435 420 403 384 363 340 315 288 259 228 195 160 123 84 43 0 
ans[44] = 3
0 44 86 126 164 200 234 266 296 324 350 374 396 416 434 450 464 476 486 494 500 504 506 506 504 500 494 486 476 464 450 434 416 396 374 350 324 296 266 234 200 164 126 86 44 0 
ans[45] = 4
0 45 88 129 168 205 240 273 304 333 360 385 408 429 448 465 480 493 504 513 520 525 528 529 528 525 520 513 504 493 480 465 448 429 408 385 360 333 304 273 240 205 168 129 88 45 0 
ans[46] = 2
0 46 90 132 172 210 246 280 312 342 370 396 420 442 462 480 496 510 522 532 540 546 550 552 552 550 546 540 532 522 510 496 480 462 442 420 396 370 342 312 280 246 210 172 132 90 46 0 
ans[47] = 2
0 47 92 135 176 215 252 287 320 351 380 407 432 455 476 495 512 527 540 551 560 567 572 575 576 575 572 567 560 551 540 527 512 495 476 455 432 407 380 351 320 287 252 215 176 135 92 47 0 
ans[48] = 5
0 48 94 138 180 220 258 294 328 360 390 418 444 468 490 510 528 544 558 570 580 588 594 598 600 600 598 594 588 580 570 558 544 528 510 490 468 444 418 390 360 328 294 258 220 180 138 94 48 0 
ans[49] = 8
0 49 96 141 184 225 264 301 336 369 400 429 456 481 504 525 544 561 576 589 600 609 616 621 624 625 624 621 616 609 600 589 576 561 544 525 504 481 456 429 400 369 336 301 264 225 184 141 96 49 0 
ans[50] = 6
0 50 98 144 188 230 270 308 344 378 410 440 468 494 518 540 560 578 594 608 620 630 638 644 648 650 650 648 644 638 630 620 608 594 578 560 540 518 494 468 440 410 378 344 308 270 230 188 144 98 50 0 
ans[51] = 2
0 51 100 147 192 235 276 315 352 387 420 451 480 507 532 555 576 595 612 627 640 651 660 667 672 675 676 675 672 667 660 651 640 627 612 595 576 555 532 507 480 451 420 387 352 315 276 235 192 147 100 51 0 
ans[52] = 3
0 52 102 150 196 240 282 322 360 396 430 462 492 520 546 570 592 612 630 646 660 672 682 690 696 700 702 702 700 696 690 682 672 660 646 630 612 592 570 546 520 492 462 430 396 360 322 282 240 196 150 102 52 0 
ans[53] = 2
0 53 104 153 200 245 288 329 368 405 440 473 504 533 560 585 608 629 648 665 680 693 704 713 720 725 728 729 728 725 720 713 704 693 680 665 648 629 608 585 560 533 504 473 440 405 368 329 288 245 200 153 104 53 0 
ans[54] = 4
0 54 106 156 204 250 294 336 376 414 450 484 516 546 574 600 624 646 666 684 700 714 726 736 744 750 754 756 756 754 750 744 736 726 714 700 684 666 646 624 600 574 546 516 484 450 414 376 336 294 250 204 156 106 54 0 
ans[55] = 2
0 55 108 159 208 255 300 343 384 423 460 495 528 559 588 615 640 663 684 703 720 735 748 759 768 775 780 783 784 783 780 775 768 759 748 735 720 703 684 663 640 615 588 559 528 495 460 423 384 343 300 255 208 159 108 55 0 
ans[56] = 3
0 56 110 162 212 260 306 350 392 432 470 506 540 572 602 630 656 680 702 722 740 756 770 782 792 800 806 810 812 812 810 806 800 792 782 770 756 740 722 702 680 656 630 602 572 540 506 470 432 392 350 306 260 212 162 110 56 0 
ans[57] = 2
0 57 112 165 216 265 312 357 400 441 480 517 552 585 616 645 672 697 720 741 760 777 792 805 816 825 832 837 840 841 840 837 832 825 816 805 792 777 760 741 720 697 672 645 616 585 552 517 480 441 400 357 312 265 216 165 112 57 0 
ans[58] = 2
0 58 114 168 220 270 318 364 408 450 490 528 564 598 630 660 688 714 738 760 780 798 814 828 840 850 858 864 868 870 870 868 864 858 850 840 828 814 798 780 760 738 714 688 660 630 598 564 528 490 450 408 364 318 270 220 168 114 58 0 
ans[59] = 2
0 59 116 171 224 275 324 371 416 459 500 539 576 611 644 675 704 731 756 779 800 819 836 851 864 875 884 891 896 899 900 899 896 891 884 875 864 851 836 819 800 779 756 731 704 675 644 611 576 539 500 459 416 371 324 275 224 171 116 59 0 
ans[60] = 3
0 60 118 174 228 280 330 378 424 468 510 550 588 624 658 690 720 748 774 798 820 840 858 874 888 900 910 918 924 928 930 930 928 924 918 910 900 888 874 858 840 820 798 774 748 720 690 658 624 588 550 510 468 424 378 330 280 228 174 118 60 0 
ans[61] = 2
0 61 120 177 232 285 336 385 432 477 520 561 600 637 672 705 736 765 792 817 840 861 880 897 912 925 936 945 952 957 960 961 960 957 952 945 936 925 912 897 880 861 840 817 792 765 736 705 672 637 600 561 520 477 432 385 336 285 232 177 120 61 0 
ans[62] = 2
0 62 122 180 236 290 342 392 440 486 530 572 612 650 686 720 752 782 810 836 860 882 902 920 936 950 962 972 980 986 990 992 992 990 986 980 972 962 950 936 920 902 882 860 836 810 782 752 720 686 650 612 572 530 486 440 392 342 290 236 180 122 62 0 
ans[63] = 4
0 63 124 183 240 295 348 399 448 495 540 583 624 663 700 735 768 799 828 855 880 903 924 943 960 975 988 999 1008 1015 1020 1023 1024 1023 1020 1015 1008 999 988 975 960 943 924 903 880 855 828 799 768 735 700 663 624 583 540 495 448 399 348 295 240 183 124 63 0 
ans[64] = 9
0 64 126 186 244 300 354 406 456 504 550 594 636 676 714 750 784 816 846 874 900 924 946 966 984 1000 1014 1026 1036 1044 1050 1054 1056 1056 1054 1050 1044 1036 1026 1014 1000 984 966 946 924 900 874 846 816 784 750 714 676 636 594 550 504 456 406 354 300 244 186 126 64 0 
ans[65] = 2
0 65 128 189 248 305 360 413 464 513 560 605 648 689 728 765 800 833 864 893 920 945 968 989 1008 1025 1040 1053 1064 1073 1080 1085 1088 1089 1088 1085 1080 1073 1064 1053 1040 1025 1008 989 968 945 920 893 864 833 800 765 728 689 648 605 560 513 464 413 360 305 248 189 128 65 0 
ans[66] = 2
0 66 130 192 252 310 366 420 472 522 570 616 660 702 742 780 816 850 882 912 940 966 990 1012 1032 1050 1066 1080 1092 1102 1110 1116 1120 1122 1122 1120 1116 1110 1102 1092 1080 1066 1050 1032 1012 990 966 940 912 882 850 816 780 742 702 660 616 570 522 472 420 366 310 252 192 130 66 0 
ans[67] = 2
0 67 132 195 256 315 372 427 480 531 580 627 672 715 756 795 832 867 900 931 960 987 1012 1035 1056 1075 1092 1107 1120 1131 1140 1147 1152 1155 1156 1155 1152 1147 1140 1131 1120 1107 1092 1075 1056 1035 1012 987 960 931 900 867 832 795 756 715 672 627 580 531 480 427 372 315 256 195 132 67 0 
ans[68] = 3
0 68 134 198 260 320 378 434 488 540 590 638 684 728 770 810 848 884 918 950 980 1008 1034 1058 1080 1100 1118 1134 1148 1160 1170 1178 1184 1188 1190 1190 1188 1184 1178 1170 1160 1148 1134 1118 1100 1080 1058 1034 1008 980 950 918 884 848 810 770 728 684 638 590 540 488 434 378 320 260 198 134 68 0 
ans[69] = 2
0 69 136 201 264 325 384 441 496 549 600 649 696 741 784 825 864 901 936 969 1000 1029 1056 1081 1104 1125 1144 1161 1176 1189 1200 1209 1216 1221 1224 1225 1224 1221 1216 1209 1200 1189 1176 1161 1144 1125 1104 1081 1056 1029 1000 969 936 901 864 825 784 741 696 649 600 549 496 441 384 325 264 201 136 69 0 
ans[70] = 2
0 70 138 204 268 330 390 448 504 558 610 660 708 754 798 840 880 918 954 988 1020 1050 1078 1104 1128 1150 1170 1188 1204 1218 1230 1240 1248 1254 1258 1260 1260 1258 1254 1248 1240 1230 1218 1204 1188 1170 1150 1128 1104 1078 1050 1020 988 954 918 880 840 798 754 708 660 610 558 504 448 390 330 268 204 138 70 0 
ans[71] = 2
0 71 140 207 272 335 396 455 512 567 620 671 720 767 812 855 896 935 972 1007 1040 1071 1100 1127 1152 1175 1196 1215 1232 1247 1260 1271 1280 1287 1292 1295 1296 1295 1292 1287 1280 1271 1260 1247 1232 1215 1196 1175 1152 1127 1100 1071 1040 1007 972 935 896 855 812 767 720 671 620 567 512 455 396 335 272 207 140 71 0 
ans[72] = 7
0 72 142 210 276 340 402 462 520 576 630 682 732 780 826 870 912 952 990 1026 1060 1092 1122 1150 1176 1200 1222 1242 1260 1276 1290 1302 1312 1320 1326 1330 1332 1332 1330 1326 1320 1312 1302 1290 1276 1260 1242 1222 1200 1176 1150 1122 1092 1060 1026 990 952 912 870 826 780 732 682 630 576 520 462 402 340 276 210 142 72 0 
ans[73] = 2
0 73 144 213 280 345 408 469 528 585 640 693 744 793 840 885 928 969 1008 1045 1080 1113 1144 1173 1200 1225 1248 1269 1288 1305 1320 1333 1344 1353 1360 1365 1368 1369 1368 1365 1360 1353 1344 1333 1320 1305 1288 1269 1248 1225 1200 1173 1144 1113 1080 1045 1008 969 928 885 840 793 744 693 640 585 528 469 408 345 280 213 144 73 0 
ans[74] = 2
0 74 146 216 284 350 414 476 536 594 650 704 756 806 854 900 944 986 1026 1064 1100 1134 1166 1196 1224 1250 1274 1296 1316 1334 1350 1364 1376 1386 1394 1400 1404 1406 1406 1404 1400 1394 1386 1376 1364 1350 1334 1316 1296 1274 1250 1224 1196 1166 1134 1100 1064 1026 986 944 900 854 806 756 704 650 594 536 476 414 350 284 216 146 74 0 
ans[75] = 6
0 75 148 219 288 355 420 483 544 603 660 715 768 819 868 915 960 1003 1044 1083 1120 1155 1188 1219 1248 1275 1300 1323 1344 1363 1380 1395 1408 1419 1428 1435 1440 1443 1444 1443 1440 1435 1428 1419 1408 1395 1380 1363 1344 1323 1300 1275 1248 1219 1188 1155 1120 1083 1044 1003 960 915 868 819 768 715 660 603 544 483 420 355 288 219 148 75 0 
ans[76] = 3
0 76 150 222 292 360 426 490 552 612 670 726 780 832 882 930 976 1020 1062 1102 1140 1176 1210 1242 1272 1300 1326 1350 1372 1392 1410 1426 1440 1452 1462 1470 1476 1480 1482 1482 1480 1476 1470 1462 1452 1440 1426 1410 1392 1372 1350 1326 1300 1272 1242 1210 1176 1140 1102 1062 1020 976 930 882 832 780 726 670 612 552 490 426 360 292 222 150 76 0 
ans[77] = 2
0 77 152 225 296 365 432 497 560 621 680 737 792 845 896 945 992 1037 1080 1121 1160 1197 1232 1265 1296 1325 1352 1377 1400 1421 1440 1457 1472 1485 1496 1505 1512 1517 1520 1521 1520 1517 1512 1505 1496 1485 1472 1457 1440 1421 1400 1377 1352 1325 1296 1265 1232 1197 1160 1121 1080 1037 992 945 896 845 792 737 680 621 560 497 432 365 296 225 152 77 0 
ans[78] = 2
0 78 154 228 300 370 438 504 568 630 690 748 804 858 910 960 1008 1054 1098 1140 1180 1218 1254 1288 1320 1350 1378 1404 1428 1450 1470 1488 1504 1518 1530 1540 1548 1554 1558 1560 1560 1558 1554 1548 1540 1530 1518 1504 1488 1470 1450 1428 1404 1378 1350 1320 1288 1254 1218 1180 1140 1098 1054 1008 960 910 858 804 748 690 630 568 504 438 370 300 228 154 78 0 
ans[79] = 2
0 79 156 231 304 375 444 511 576 639 700 759 816 871 924 975 1024 1071 1116 1159 1200 1239 1276 1311 1344 1375 1404 1431 1456 1479 1500 1519 1536 1551 1564 1575 1584 1591 1596 1599 1600 1599 1596 1591 1584 1575 1564 1551 1536 1519 1500 1479 1456 1431 1404 1375 1344 1311 1276 1239 1200 1159 1116 1071 1024 975 924 871 816 759 700 639 576 511 444 375 304 231 156 79 0 
ans[80] = 5
0 80 158 234 308 380 450 518 584 648 710 770 828 884 938 990 1040 1088 1134 1178 1220 1260 1298 1334 1368 1400 1430 1458 1484 1508 1530 1550 1568 1584 1598 1610 1620 1628 1634 1638 1640 1640 1638 1634 1628 1620 1610 1598 1584 1568 1550 1530 1508 1484 1458 1430 1400 1368 1334 1298 1260 1220 1178 1134 1088 1040 990 938 884 828 770 710 648 584 518 450 380 308 234 158 80 0 
ans[81] = 10
0 81 160 237 312 385 456 525 592 657 720 781 840 897 952 1005 1056 1105 1152 1197 1240 1281 1320 1357 1392 1425 1456 1485 1512 1537 1560 1581 1600 1617 1632 1645 1656 1665 1672 1677 1680 1681 1680 1677 1672 1665 1656 1645 1632 1617 1600 1581 1560 1537 1512 1485 1456 1425 1392 1357 1320 1281 1240 1197 1152 1105 1056 1005 952 897 840 781 720 657 592 525 456 385 312 237 160 81 0 
ans[82] = 2
0 82 162 240 316 390 462 532 600 666 730 792 852 910 966 1020 1072 1122 1170 1216 1260 1302 1342 1380 1416 1450 1482 1512 1540 1566 1590 1612 1632 1650 1666 1680 1692 1702 1710 1716 1720 1722 1722 1720 1716 1710 1702 1692 1680 1666 1650 1632 1612 1590 1566 1540 1512 1482 1450 1416 1380 1342 1302 1260 1216 1170 1122 1072 1020 966 910 852 792 730 666 600 532 462 390 316 240 162 82 0 
ans[83] = 2
0 83 164 243 320 395 468 539 608 675 740 803 864 923 980 1035 1088 1139 1188 1235 1280 1323 1364 1403 1440 1475 1508 1539 1568 1595 1620 1643 1664 1683 1700 1715 1728 1739 1748 1755 1760 1763 1764 1763 1760 1755 1748 1739 1728 1715 1700 1683 1664 1643 1620 1595 1568 1539 1508 1475 1440 1403 1364 1323 1280 1235 1188 1139 1088 1035 980 923 864 803 740 675 608 539 468 395 320 243 164 83 0 
ans[84] = 3
0 84 166 246 324 400 474 546 616 684 750 814 876 936 994 1050 1104 1156 1206 1254 1300 1344 1386 1426 1464 1500 1534 1566 1596 1624 1650 1674 1696 1716 1734 1750 1764 1776 1786 1794 1800 1804 1806 1806 1804 1800 1794 1786 1776 1764 1750 1734 1716 1696 1674 1650 1624 1596 1566 1534 1500 1464 1426 1386 1344 1300 1254 1206 1156 1104 1050 994 936 876 814 750 684 616 546 474 400 324 246 166 84 0 
ans[85] = 2
0 85 168 249 328 405 480 553 624 693 760 825 888 949 1008 1065 1120 1173 1224 1273 1320 1365 1408 1449 1488 1525 1560 1593 1624 1653 1680 1705 1728 1749 1768 1785 1800 1813 1824 1833 1840 1845 1848 1849 1848 1845 1840 1833 1824 1813 1800 1785 1768 1749 1728 1705 1680 1653 1624 1593 1560 1525 1488 1449 1408 1365 1320 1273 1224 1173 1120 1065 1008 949 888 825 760 693 624 553 480 405 328 249 168 85 0 
ans[86] = 2
0 86 170 252 332 410 486 560 632 702 770 836 900 962 1022 1080 1136 1190 1242 1292 1340 1386 1430 1472 1512 1550 1586 1620 1652 1682 1710 1736 1760 1782 1802 1820 1836 1850 1862 1872 1880 1886 1890 1892 1892 1890 1886 1880 1872 1862 1850 1836 1820 1802 1782 1760 1736 1710 1682 1652 1620 1586 1550 1512 1472 1430 1386 1340 1292 1242 1190 1136 1080 1022 962 900 836 770 702 632 560 486 410 332 252 170 86 0 
ans[87] = 2
0 87 172 255 336 415 492 567 640 711 780 847 912 975 1036 1095 1152 1207 1260 1311 1360 1407 1452 1495 1536 1575 1612 1647 1680 1711 1740 1767 1792 1815 1836 1855 1872 1887 1900 1911 1920 1927 1932 1935 1936 1935 1932 1927 1920 1911 1900 1887 1872 1855 1836 1815 1792 1767 1740 1711 1680 1647 1612 1575 1536 1495 1452 1407 1360 1311 1260 1207 1152 1095 1036 975 912 847 780 711 640 567 492 415 336 255 172 87 0 
ans[88] = 3
0 88 174 258 340 420 498 574 648 720 790 858 924 988 1050 1110 1168 1224 1278 1330 1380 1428 1474 1518 1560 1600 1638 1674 1708 1740 1770 1798 1824 1848 1870 1890 1908 1924 1938 1950 1960 1968 1974 1978 1980 1980 1978 1974 1968 1960 1950 1938 1924 1908 1890 1870 1848 1824 1798 1770 1740 1708 1674 1638 1600 1560 1518 1474 1428 1380 1330 1278 1224 1168 1110 1050 988 924 858 790 720 648 574 498 420 340 258 174 88 0 
ans[89] = 2
0 89 176 261 344 425 504 581 656 729 800 869 936 1001 1064 1125 1184 1241 1296 1349 1400 1449 1496 1541 1584 1625 1664 1701 1736 1769 1800 1829 1856 1881 1904 1925 1944 1961 1976 1989 2000 2009 2016 2021 2024 2025 2024 2021 2016 2009 2000 1989 1976 1961 1944 1925 1904 1881 1856 1829 1800 1769 1736 1701 1664 1625 1584 1541 1496 1449 1400 1349 1296 1241 1184 1125 1064 1001 936 869 800 729 656 581 504 425 344 261 176 89 0 
ans[90] = 4
0 90 178 264 348 430 510 588 664 738 810 880 948 1014 1078 1140 1200 1258 1314 1368 1420 1470 1518 1564 1608 1650 1690 1728 1764 1798 1830 1860 1888 1914 1938 1960 1980 1998 2014 2028 2040 2050 2058 2064 2068 2070 2070 2068 2064 2058 2050 2040 2028 2014 1998 1980 1960 1938 1914 1888 1860 1830 1798 1764 1728 1690 1650 1608 1564 1518 1470 1420 1368 1314 1258 1200 1140 1078 1014 948 880 810 738 664 588 510 430 348 264 178 90 0 
ans[91] = 2
0 91 180 267 352 435 516 595 672 747 820 891 960 1027 1092 1155 1216 1275 1332 1387 1440 1491 1540 1587 1632 1675 1716 1755 1792 1827 1860 1891 1920 1947 1972 1995 2016 2035 2052 2067 2080 2091 2100 2107 2112 2115 2116 2115 2112 2107 2100 2091 2080 2067 2052 2035 2016 1995 1972 1947 1920 1891 1860 1827 1792 1755 1716 1675 1632 1587 1540 1491 1440 1387 1332 1275 1216 1155 1092 1027 960 891 820 747 672 595 516 435 352 267 180 91 0 
ans[92] = 3
0 92 182 270 356 440 522 602 680 756 830 902 972 1040 1106 1170 1232 1292 1350 1406 1460 1512 1562 1610 1656 1700 1742 1782 1820 1856 1890 1922 1952 1980 2006 2030 2052 2072 2090 2106 2120 2132 2142 2150 2156 2160 2162 2162 2160 2156 2150 2142 2132 2120 2106 2090 2072 2052 2030 2006 1980 1952 1922 1890 1856 1820 1782 1742 1700 1656 1610 1562 1512 1460 1406 1350 1292 1232 1170 1106 1040 972 902 830 756 680 602 522 440 356 270 182 92 0 
ans[93] = 2
0 93 184 273 360 445 528 609 688 765 840 913 984 1053 1120 1185 1248 1309 1368 1425 1480 1533 1584 1633 1680 1725 1768 1809 1848 1885 1920 1953 1984 2013 2040 2065 2088 2109 2128 2145 2160 2173 2184 2193 2200 2205 2208 2209 2208 2205 2200 2193 2184 2173 2160 2145 2128 2109 2088 2065 2040 2013 1984 1953 1920 1885 1848 1809 1768 1725 1680 1633 1584 1533 1480 1425 1368 1309 1248 1185 1120 1053 984 913 840 765 688 609 528 445 360 273 184 93 0 
ans[94] = 2
0 94 186 276 364 450 534 616 696 774 850 924 996 1066 1134 1200 1264 1326 1386 1444 1500 1554 1606 1656 1704 1750 1794 1836 1876 1914 1950 1984 2016 2046 2074 2100 2124 2146 2166 2184 2200 2214 2226 2236 2244 2250 2254 2256 2256 2254 2250 2244 2236 2226 2214 2200 2184 2166 2146 2124 2100 2074 2046 2016 1984 1950 1914 1876 1836 1794 1750 1704 1656 1606 1554 1500 1444 1386 1326 1264 1200 1134 1066 996 924 850 774 696 616 534 450 364 276 186 94 0 
ans[95] = 2
0 95 188 279 368 455 540 623 704 783 860 935 1008 1079 1148 1215 1280 1343 1404 1463 1520 1575 1628 1679 1728 1775 1820 1863 1904 1943 1980 2015 2048 2079 2108 2135 2160 2183 2204 2223 2240 2255 2268 2279 2288 2295 2300 2303 2304 2303 2300 2295 2288 2279 2268 2255 2240 2223 2204 2183 2160 2135 2108 2079 2048 2015 1980 1943 1904 1863 1820 1775 1728 1679 1628 1575 1520 1463 1404 1343 1280 1215 1148 1079 1008 935 860 783 704 623 540 455 368 279 188 95 0 
ans[96] = 5
0 96 190 282 372 460 546 630 712 792 870 946 1020 1092 1162 1230 1296 1360 1422 1482 1540 1596 1650 1702 1752 1800 1846 1890 1932 1972 2010 2046 2080 2112 2142 2170 2196 2220 2242 2262 2280 2296 2310 2322 2332 2340 2346 2350 2352 2352 2350 2346 2340 2332 2322 2310 2296 2280 2262 2242 2220 2196 2170 2142 2112 2080 2046 2010 1972 1932 1890 1846 1800 1752 1702 1650 1596 1540 1482 1422 1360 1296 1230 1162 1092 1020 946 870 792 712 630 546 460 372 282 190 96 0 
ans[97] = 2
0 97 192 285 376 465 552 637 720 801 880 957 1032 1105 1176 1245 1312 1377 1440 1501 1560 1617 1672 1725 1776 1825 1872 1917 1960 2001 2040 2077 2112 2145 2176 2205 2232 2257 2280 2301 2320 2337 2352 2365 2376 2385 2392 2397 2400 2401 2400 2397 2392 2385 2376 2365 2352 2337 2320 2301 2280 2257 2232 2205 2176 2145 2112 2077 2040 2001 1960 1917 1872 1825 1776 1725 1672 1617 1560 1501 1440 1377 1312 1245 1176 1105 1032 957 880 801 720 637 552 465 376 285 192 97 0 
ans[98] = 8
0 98 194 288 380 470 558 644 728 810 890 968 1044 1118 1190 1260 1328 1394 1458 1520 1580 1638 1694 1748 1800 1850 1898 1944 1988 2030 2070 2108 2144 2178 2210 2240 2268 2294 2318 2340 2360 2378 2394 2408 2420 2430 2438 2444 2448 2450 2450 2448 2444 2438 2430 2420 2408 2394 2378 2360 2340 2318 2294 2268 2240 2210 2178 2144 2108 2070 2030 1988 1944 1898 1850 1800 1748 1694 1638 1580 1520 1458 1394 1328 1260 1190 1118 1044 968 890 810 728 644 558 470 380 288 194 98 0 
ans[99] = 4
0 99 196 291 384 475 564 651 736 819 900 979 1056 1131 1204 1275 1344 1411 1476 1539 1600 1659 1716 1771 1824 1875 1924 1971 2016 2059 2100 2139 2176 2211 2244 2275 2304 2331 2356 2379 2400 2419 2436 2451 2464 2475 2484 2491 2496 2499 2500 2499 2496 2491 2484 2475 2464 2451 2436 2419 2400 2379 2356 2331 2304 2275 2244 2211 2176 2139 2100 2059 2016 1971 1924 1875 1824 1771 1716 1659 1600 1539 1476 1411 1344 1275 1204 1131 1056 979 900 819 736 651 564 475 384 291 196 99 0 
ans[100] = 11
